start=186.286100
speed=1.331067
