start=5506.384676
volume=88.000000
fullscreen=yes
