start=10.844167
volume=64.000000
