start=783.032250
volume=44.000000
fullscreen=yes
