start=2093.594846
volume=32.000000
