start=2467.631833
volume=60.000000
fullscreen=yes
