start=1185.049800
volume=72.000000
fullscreen=yes
