start=3873.631911
volume=82.000000
fullscreen=yes
