start=6195.046623
volume=94.000000
fullscreen=yes
