start=545.212205
pause=yes
volume=36.000000
