start=17.392000
volume=118.000000
fullscreen=yes
sid=1
ab-loop-a=14.932000
ab-loop-b=17.476000
