start=803.583333
speed=1.210000
pause=yes
volume=130.000000
