start=3082.900000
volume=34.000000
saturation=3
