start=3480.000000
volume=92.000000
fullscreen=yes
saturation=4
