start=779.111667
pause=yes
volume=68.000000
fullscreen=yes
aid=2
sid=2
