start=1821.200000
volume=20.000000
