start=2554.218000
volume=76.000000
fullscreen=yes
