start=1230.662767
volume=50.000000
