start=379.846133
pause=yes
volume=106.000000
