start=823.100000
volume=44.000000
