start=3035.199000
volume=116.000000
fullscreen=yes
brightness=-2
aid=1
sid=2
