start=47.047000
speed=1.610510
