start=3428.560000
pause=yes
volume=130.000000
fullscreen=yes
contrast=-1
