start=1274.840233
volume=34.000000
