start=448.933000
speed=1.331013
pause=yes
volume=128.000000
