start=511.978133
speed=1.210000
pause=yes
