start=993.459133
speed=1.464100
