start=3478.814227
volume=54.000000
fullscreen=yes
