start=1251.360000
volume=70.000000
fullscreen=yes
