start=550.591708
pause=yes
volume=60.000000
