start=2509.006500
volume=102.000000
fullscreen=yes
