start=3214.560000
volume=114.000000
aid=2
sid=2
