start=2800.506000
fullscreen=yes
aid=2
sid=3
video-aspect=1.777778
