start=2803.551000
volume=128.000000
fullscreen=yes
aid=2
sid=3
