start=553.519633
speed=1.610510
