start=2791.038000
volume=114.000000
fullscreen=yes
aid=2
sid=3
