start=2430.761667
volume=80.000000
fullscreen=yes
