start=2534.281750
volume=64.000000
fullscreen=yes
