start=5487.190000
volume=126.000000
fullscreen=yes
