start=3813.800000
volume=8.000000
