start=1103.770437
volume=14.000000
