start=258.758759
volume=104.000000
