start=5838.967000
volume=74.000000
fullscreen=yes
