start=6809.857122
speed=1.610510
volume=88.000000
fullscreen=yes
