start=7375.534833
volume=130.000000
sid=no
