start=6200.375000
volume=130.000000
fullscreen=yes
