start=2560.057500
volume=80.000000
fullscreen=yes
