start=3443.040000
volume=76.000000
