start=1447.236302
volume=130.000000
fullscreen=yes
deinterlace=no
sid=1
