start=1143.767625
volume=56.000000
