start=841.333333
speed=1.331000
