start=6119.122781
pause=yes
volume=38.000000
