start=324.024024
volume=14.000000
saturation=25
