start=820.569750
volume=58.000000
