start=2230.760000
volume=30.000000
fullscreen=yes
