start=2622.536000
volume=96.000000
fullscreen=yes
aid=2
sid=3
