start=2973.762000
volume=120.000000
fullscreen=yes
sid=1
